0.8,1,0.2,1,1,1	0
0.8,1,0.2,1,1,1	31.9637097479
0.8,1,0.2,1,1,1	64.1383358943
0.8,1,0.2,1,1,1	95.3415933787
0.8,1,0.2,1,1,1	125.358472127
0.8,1,0.2,1,1,1	156.958321145
0.8,1,0.2,1,1,1	189.506699149
0.8,1,0.2,1,1,1	221.755490457
0.8,1,0.2,1,1,1	255.3915168
0.8,1,0.2,1,1,1	287.935864579
0.8,1,0.2,1,1,1	319.051767352
0.8,1,0.2,1,1,1	319.051767352
0.9,1,0.2,1,1,1	0
0.9,1,0.2,1,1,1	31.7883044251
0.9,1,0.2,1,1,1	63.8822887346
0.9,1,0.2,1,1,1	94.3780869084
0.9,1,0.2,1,1,1	124.35013322
0.9,1,0.2,1,1,1	155.513960146
0.9,1,0.2,1,1,1	187.481996328
0.9,1,0.2,1,1,1	219.646006612
0.9,1,0.2,1,1,1	253.198194659
0.9,1,0.2,1,1,1	285.928536749
0.9,1,0.2,1,1,1	317.065386096
0.9,1,0.2,1,1,1	317.065386096
0.7,2,0.2,1,1,1	0
0.7,2,0.2,1,1,1	31.7757572535
0.7,2,0.2,1,1,1	64.2634368743
0.7,2,0.2,1,1,1	95.4820169029
0.7,2,0.2,1,1,1	125.250754324
0.7,2,0.2,1,1,1	156.85203009
0.7,2,0.2,1,1,1	188.984574421
0.7,2,0.2,1,1,1	221.479415871
0.7,2,0.2,1,1,1	255.21225357
0.7,2,0.2,1,1,1	287.800522243
0.7,2,0.2,1,1,1	319.018021075
0.7,2,0.2,1,1,1	319.018021075
0.8,2,0.2,1,1,1	0
0.8,2,0.2,1,1,1	31.7776013329
0.8,2,0.2,1,1,1	64.1900255586
0.8,2,0.2,1,1,1	95.4748347052
0.8,2,0.2,1,1,1	125.272259634
0.8,2,0.2,1,1,1	156.915062476
0.8,2,0.2,1,1,1	189.152799076
0.8,2,0.2,1,1,1	221.420478257
0.8,2,0.2,1,1,1	255.161296667
0.8,2,0.2,1,1,1	287.637716948
0.8,2,0.2,1,1,1	318.954152382
0.8,2,0.2,1,1,1	318.954152382
0.9,2,0.2,1,1,1	0
0.9,2,0.2,1,1,1	32.0533150605
0.9,2,0.2,1,1,1	64.3553609615
0.9,2,0.2,1,1,1	94.6467883921
0.9,2,0.2,1,1,1	124.677607865
0.9,2,0.2,1,1,1	155.66501893
0.9,2,0.2,1,1,1	188.798911901
0.9,2,0.2,1,1,1	220.98765558
0.9,2,0.2,1,1,1	254.667847106
0.9,2,0.2,1,1,1	287.175703615
0.9,2,0.2,1,1,1	318.397285761
0.9,2,0.2,1,1,1	318.397285761
0.7,3,0.2,1,1,1	0
0.7,3,0.2,1,1,1	31.6922992543
0.7,3,0.2,1,1,1	64.1109121901
0.7,3,0.2,1,1,1	95.4062991893
0.7,3,0.2,1,1,1	125.106778363
0.7,3,0.2,1,1,1	156.799510529
0.7,3,0.2,1,1,1	190.204922667
0.7,3,0.2,1,1,1	222.680720715
0.7,3,0.2,1,1,1	256.429394096
0.7,3,0.2,1,1,1	289.128497649
0.7,3,0.2,1,1,1	320.761747123
0.7,3,0.2,1,1,1	320.761747123
0.8,3,0.2,1,1,1	0
0.8,3,0.2,1,1,1	31.7793082236
0.8,3,0.2,1,1,1	64.0673585359
0.8,3,0.2,1,1,1	95.5058018789
0.8,3,0.2,1,1,1	125.196817853
0.8,3,0.2,1,1,1	156.895147601
0.8,3,0.2,1,1,1	190.236029632
0.8,3,0.2,1,1,1	222.446240196
0.8,3,0.2,1,1,1	256.034205425
0.8,3,0.2,1,1,1	288.446298532
0.8,3,0.2,1,1,1	319.598357745
0.8,3,0.2,1,1,1	319.598357745
0.9,3,0.2,1,1,1	0
0.9,3,0.2,1,1,1	31.8341452744
0.9,3,0.2,1,1,1	64.1338945715
0.9,3,0.2,1,1,1	94.5845943878
0.9,3,0.2,1,1,1	124.485391986
0.9,3,0.2,1,1,1	155.564361421
0.9,3,0.2,1,1,1	188.500969424
0.9,3,0.2,1,1,1	220.634451141
0.9,3,0.2,1,1,1	254.134234434
0.9,3,0.2,1,1,1	286.741319538
0.9,3,0.2,1,1,1	317.852144102
0.9,3,0.2,1,1,1	317.852144102
0.7,1,0.3,1,1,1	0
0.7,1,0.3,1,1,1	31.7046976336
0.7,1,0.3,1,1,1	63.986929363
0.7,1,0.3,1,1,1	95.3410331874
0.7,1,0.3,1,1,1	125.448662074
0.7,1,0.3,1,1,1	157.092910196
0.7,1,0.3,1,1,1	190.128666416
0.7,1,0.3,1,1,1	222.689848385
0.7,1,0.3,1,1,1	256.474780765
0.7,1,0.3,1,1,1	289.05644024
0.7,1,0.3,1,1,1	320.005372849
0.7,1,0.3,1,1,1	320.005372849
0.8,1,0.3,1,1,1	0
0.8,1,0.3,1,1,1	31.9637097479
0.8,1,0.3,1,1,1	64.1054242404
0.8,1,0.3,1,1,1	95.3086817249
0.8,1,0.3,1,1,1	125.220491863
0.8,1,0.3,1,1,1	156.802746822
0.8,1,0.3,1,1,1	189.064492723
0.8,1,0.3,1,1,1	221.313284031
0.8,1,0.3,1,1,1	254.953481166
0.8,1,0.3,1,1,1	287.43681029
0.8,1,0.3,1,1,1	318.481390806
0.8,1,0.3,1,1,1	318.481390806
0.9,1,0.3,1,1,1	0
0.9,1,0.3,1,1,1	32.0641518929
0.9,1,0.3,1,1,1	64.1581362024
0.9,1,0.3,1,1,1	94.6539343762
0.9,1,0.3,1,1,1	124.625980688
0.9,1,0.3,1,1,1	155.789807614
0.9,1,0.3,1,1,1	187.757843796
0.9,1,0.3,1,1,1	219.92185408
0.9,1,0.3,1,1,1	253.461216447
0.9,1,0.3,1,1,1	286.101666732
0.9,1,0.3,1,1,1	317.238516079
0.9,1,0.3,1,1,1	317.238516079
0.7,2,0.3,1,1,1	0
0.7,2,0.3,1,1,1	31.7757572535
0.7,2,0.3,1,1,1	64.2634368743
0.7,2,0.3,1,1,1	95.4820169029
0.7,2,0.3,1,1,1	125.250754324
0.7,2,0.3,1,1,1	156.85203009
0.7,2,0.3,1,1,1	188.984574421
0.7,2,0.3,1,1,1	221.479415871
0.7,2,0.3,1,1,1	255.21225357
0.7,2,0.3,1,1,1	287.800522243
0.7,2,0.3,1,1,1	319.018021075
0.7,2,0.3,1,1,1	319.018021075
0.8,2,0.3,1,1,1	0
0.8,2,0.3,1,1,1	31.7776013329
0.8,2,0.3,1,1,1	64.1900255586
0.8,2,0.3,1,1,1	95.4748347052
0.8,2,0.3,1,1,1	125.272259634
0.8,2,0.3,1,1,1	156.915062476
0.8,2,0.3,1,1,1	189.051976074
0.8,2,0.3,1,1,1	221.319655256
0.8,2,0.3,1,1,1	255.060473666
0.8,2,0.3,1,1,1	287.626244215
0.8,2,0.3,1,1,1	318.942679649
0.8,2,0.3,1,1,1	318.942679649
0.9,2,0.3,1,1,1	0
0.9,2,0.3,1,1,1	32.0533150605
0.9,2,0.3,1,1,1	64.3553609615
0.9,2,0.3,1,1,1	94.6467883921
0.9,2,0.3,1,1,1	124.678140846
0.9,2,0.3,1,1,1	155.66555191
0.9,2,0.3,1,1,1	187.98531398
0.9,2,0.3,1,1,1	220.174057659
0.9,2,0.3,1,1,1	253.854249185
0.9,2,0.3,1,1,1	286.362105695
0.9,2,0.3,1,1,1	317.583687841
0.9,2,0.3,1,1,1	317.583687841
0.7,3,0.3,1,1,1	0
0.7,3,0.3,1,1,1	31.6922992543
0.7,3,0.3,1,1,1	64.082845672
0.7,3,0.3,1,1,1	95.3782326712
0.7,3,0.3,1,1,1	125.078711845
0.7,3,0.3,1,1,1	156.77144401
0.7,3,0.3,1,1,1	190.176856148
0.7,3,0.3,1,1,1	222.652654197
0.7,3,0.3,1,1,1	256.401327578
0.7,3,0.3,1,1,1	289.100431131
0.7,3,0.3,1,1,1	320.754920257
0.7,3,0.3,1,1,1	320.754920257
0.8,3,0.3,1,1,1	0
0.8,3,0.3,1,1,1	31.7793082236
0.8,3,0.3,1,1,1	64.034446882
0.8,3,0.3,1,1,1	95.4728902251
0.8,3,0.3,1,1,1	125.163906199
0.8,3,0.3,1,1,1	156.852079743
0.8,3,0.3,1,1,1	190.192961774
0.8,3,0.3,1,1,1	222.403172338
0.8,3,0.3,1,1,1	255.991137567
0.8,3,0.3,1,1,1	288.40197924
0.8,3,0.3,1,1,1	319.554038453
0.8,3,0.3,1,1,1	319.554038453
0.9,3,0.3,1,1,1	0
0.9,3,0.3,1,1,1	31.8697799683
0.9,3,0.3,1,1,1	64.1695292654
0.9,3,0.3,1,1,1	94.6202290817
0.9,3,0.3,1,1,1	124.510583495
0.9,3,0.3,1,1,1	155.579396727
0.9,3,0.3,1,1,1	188.510920296
0.9,3,0.3,1,1,1	220.644402013
0.9,3,0.3,1,1,1	254.144185306
0.9,3,0.3,1,1,1	286.661378605
0.9,3,0.3,1,1,1	317.788280935
0.9,3,0.3,1,1,1	317.788280935
0.7,1,0.4,1,1,1	0
0.7,1,0.4,1,1,1	31.7067043926
0.7,1,0.4,1,1,1	63.9132874764
0.7,1,0.4,1,1,1	95.2673913008
0.7,1,0.4,1,1,1	125.375020188
0.7,1,0.4,1,1,1	157.019268309
0.7,1,0.4,1,1,1	190.05502453
0.7,1,0.4,1,1,1	222.616206499
0.7,1,0.4,1,1,1	256.401138878
0.7,1,0.4,1,1,1	289.004533135
0.7,1,0.4,1,1,1	319.953465744
0.7,1,0.4,1,1,1	319.953465744
0.8,1,0.4,1,1,1	0
0.8,1,0.4,1,1,1	31.9637097479
0.8,1,0.4,1,1,1	64.1054242404
0.8,1,0.4,1,1,1	95.3086817249
0.8,1,0.4,1,1,1	125.321960729
0.8,1,0.4,1,1,1	156.921809747
0.8,1,0.4,1,1,1	189.2460043
0.8,1,0.4,1,1,1	221.494795608
0.8,1,0.4,1,1,1	255.13082195
0.8,1,0.4,1,1,1	287.614151074
0.8,1,0.4,1,1,1	318.65873159
0.8,1,0.4,1,1,1	318.65873159
0.9,1,0.4,1,1,1	0
0.9,1,0.4,1,1,1	31.7883044251
0.9,1,0.4,1,1,1	63.8796199857
0.9,1,0.4,1,1,1	94.3754181595
0.9,1,0.4,1,1,1	124.347464471
0.9,1,0.4,1,1,1	155.511291397
0.9,1,0.4,1,1,1	187.107940054
0.9,1,0.4,1,1,1	219.271950338
0.9,1,0.4,1,1,1	252.857819995
0.9,1,0.4,1,1,1	285.588162085
0.9,1,0.4,1,1,1	316.725011432
0.9,1,0.4,1,1,1	316.725011432
0.7,2,0.4,1,1,1	0
0.7,2,0.4,1,1,1	31.7757572535
0.7,2,0.4,1,1,1	64.2634368743
0.7,2,0.4,1,1,1	95.4820169029
0.7,2,0.4,1,1,1	125.250754324
0.7,2,0.4,1,1,1	156.85203009
0.7,2,0.4,1,1,1	188.984574421
0.7,2,0.4,1,1,1	221.479415871
0.7,2,0.4,1,1,1	255.21225357
0.7,2,0.4,1,1,1	287.80337705
0.7,2,0.4,1,1,1	319.020875882
0.7,2,0.4,1,1,1	319.020875882
0.8,2,0.4,1,1,1	0
0.8,2,0.4,1,1,1	31.7776013329
0.8,2,0.4,1,1,1	64.1900255586
0.8,2,0.4,1,1,1	95.4748347052
0.8,2,0.4,1,1,1	125.272259634
0.8,2,0.4,1,1,1	156.915062476
0.8,2,0.4,1,1,1	189.134536768
0.8,2,0.4,1,1,1	221.40221595
0.8,2,0.4,1,1,1	255.115239863
0.8,2,0.4,1,1,1	287.508054512
0.8,2,0.4,1,1,1	318.824489946
0.8,2,0.4,1,1,1	318.824489946
0.9,2,0.4,1,1,1	0
0.9,2,0.4,1,1,1	32.0533150605
0.9,2,0.4,1,1,1	64.3553609615
0.9,2,0.4,1,1,1	94.6467883921
0.9,2,0.4,1,1,1	124.677607865
0.9,2,0.4,1,1,1	155.696545083
0.9,2,0.4,1,1,1	188.175759693
0.9,2,0.4,1,1,1	220.364503372
0.9,2,0.4,1,1,1	254.044694898
0.9,2,0.4,1,1,1	286.641901677
0.9,2,0.4,1,1,1	317.863483823
0.9,2,0.4,1,1,1	317.863483823
0.7,3,0.4,1,1,1	0
0.7,3,0.4,1,1,1	31.6922992543
0.7,3,0.4,1,1,1	64.1157573258
0.7,3,0.4,1,1,1	95.3835188862
0.7,3,0.4,1,1,1	125.083998059
0.7,3,0.4,1,1,1	156.776730225
0.7,3,0.4,1,1,1	190.182142363
0.7,3,0.4,1,1,1	222.657940412
0.7,3,0.4,1,1,1	256.406613793
0.7,3,0.4,1,1,1	289.105717346
0.7,3,0.4,1,1,1	320.760206472
0.7,3,0.4,1,1,1	320.760206472
0.8,3,0.4,1,1,1	0
0.8,3,0.4,1,1,1	31.7793082236
0.8,3,0.4,1,1,1	64.034446882
0.8,3,0.4,1,1,1	95.4728902251
0.8,3,0.4,1,1,1	125.161856158
0.8,3,0.4,1,1,1	156.850029702
0.8,3,0.4,1,1,1	190.167467175
0.8,3,0.4,1,1,1	222.377677739
0.8,3,0.4,1,1,1	255.966089066
0.8,3,0.4,1,1,1	288.376930738
0.8,3,0.4,1,1,1	319.528989951
0.8,3,0.4,1,1,1	319.528989951
0.9,3,0.4,1,1,1	0
0.9,3,0.4,1,1,1	31.7813858196
0.9,3,0.4,1,1,1	64.0872590425
0.9,3,0.4,1,1,1	94.5345351143
0.9,3,0.4,1,1,1	124.422839487
0.9,3,0.4,1,1,1	155.501808922
0.9,3,0.4,1,1,1	188.438416925
0.9,3,0.4,1,1,1	220.571898642
0.9,3,0.4,1,1,1	254.110654721
0.9,3,0.4,1,1,1	286.627848021
0.9,3,0.4,1,1,1	317.759912238
0.9,3,0.4,1,1,1	317.759912238
0.7,1,0.5,1,1,1	0
0.7,1,0.5,1,1,1	31.6969154851
0.7,1,0.5,1,1,1	63.9791472145
0.7,1,0.5,1,1,1	95.333251039
0.7,1,0.5,1,1,1	125.440879926
0.7,1,0.5,1,1,1	157.085128048
0.7,1,0.5,1,1,1	190.120884268
0.7,1,0.5,1,1,1	222.682066237
0.7,1,0.5,1,1,1	256.466998616
0.7,1,0.5,1,1,1	289.141301668
0.7,1,0.5,1,1,1	320.090234277
0.7,1,0.5,1,1,1	320.090234277
0.8,1,0.5,1,1,1	0
0.8,1,0.5,1,1,1	31.9637097479
0.8,1,0.5,1,1,1	64.112903945
0.8,1,0.5,1,1,1	95.3161614294
0.8,1,0.5,1,1,1	125.227971567
0.8,1,0.5,1,1,1	156.810226527
0.8,1,0.5,1,1,1	189.071972427
0.8,1,0.5,1,1,1	221.320763735
0.8,1,0.5,1,1,1	254.933965963
0.8,1,0.5,1,1,1	287.478313743
0.8,1,0.5,1,1,1	318.594216516
0.8,1,0.5,1,1,1	318.594216516
0.9,1,0.5,1,1,1	0
0.9,1,0.5,1,1,1	31.7883044251
0.9,1,0.5,1,1,1	63.8822887346
0.9,1,0.5,1,1,1	94.3780869084
0.9,1,0.5,1,1,1	124.35013322
0.9,1,0.5,1,1,1	155.513960146
0.9,1,0.5,1,1,1	187.481996328
0.9,1,0.5,1,1,1	219.646006612
0.9,1,0.5,1,1,1	253.198194659
0.9,1,0.5,1,1,1	285.928536749
0.9,1,0.5,1,1,1	317.065386096
0.9,1,0.5,1,1,1	317.065386096
0.7,2,0.5,1,1,1	0
0.7,2,0.5,1,1,1	31.7757572535
0.7,2,0.5,1,1,1	64.2634368743
0.7,2,0.5,1,1,1	95.4820169029
0.7,2,0.5,1,1,1	125.250754324
0.7,2,0.5,1,1,1	156.85203009
0.7,2,0.5,1,1,1	188.984574421
0.7,2,0.5,1,1,1	221.479415871
0.7,2,0.5,1,1,1	255.21225357
0.7,2,0.5,1,1,1	287.829395392
0.7,2,0.5,1,1,1	319.025654571
0.7,2,0.5,1,1,1	319.025654571
0.8,2,0.5,1,1,1	0
0.8,2,0.5,1,1,1	31.7731797329
0.8,2,0.5,1,1,1	64.1856039586
0.8,2,0.5,1,1,1	95.4704131052
0.8,2,0.5,1,1,1	125.252302183
0.8,2,0.5,1,1,1	156.895105026
0.8,2,0.5,1,1,1	189.114579317
0.8,2,0.5,1,1,1	221.382258499
0.8,2,0.5,1,1,1	255.123076909
0.8,2,0.5,1,1,1	287.52804686
0.8,2,0.5,1,1,1	318.808439819
0.8,2,0.5,1,1,1	318.808439819
0.7,3,0.5,1,1,1	0
0.7,3,0.5,1,1,1	31.6922992543
0.7,3,0.5,1,1,1	64.0780005363
0.7,3,0.5,1,1,1	95.3423383521
0.7,3,0.5,1,1,1	125.042817525
0.7,3,0.5,1,1,1	156.745705895
0.7,3,0.5,1,1,1	190.146033599
0.7,3,0.5,1,1,1	222.664718314
0.7,3,0.5,1,1,1	256.413391696
0.7,3,0.5,1,1,1	288.939541214
0.7,3,0.5,1,1,1	320.572790688
0.7,3,0.5,1,1,1	320.572790688
0.8,3,0.5,1,1,1	0
0.8,3,0.5,1,1,1	31.7793082236
0.8,3,0.5,1,1,1	64.034446882
0.8,3,0.5,1,1,1	95.4728902251
0.8,3,0.5,1,1,1	125.178633624
0.8,3,0.5,1,1,1	156.866807168
0.8,3,0.5,1,1,1	190.207689199
0.8,3,0.5,1,1,1	222.417899763
0.8,3,0.5,1,1,1	256.00631109
0.8,3,0.5,1,1,1	288.417152763
0.8,3,0.5,1,1,1	319.547972323
0.8,3,0.5,1,1,1	319.547972323
0.9,3,0.5,1,1,1	0
0.9,3,0.5,1,1,1	31.8815039316
0.9,3,0.5,1,1,1	64.1494087583
0.9,3,0.5,1,1,1	94.5966848301
0.9,3,0.5,1,1,1	124.484989203
0.9,3,0.5,1,1,1	155.563958638
0.9,3,0.5,1,1,1	188.495482207
0.9,3,0.5,1,1,1	220.628963924
0.9,3,0.5,1,1,1	254.128747216
0.9,3,0.5,1,1,1	286.645940516
0.9,3,0.5,1,1,1	317.751603193
0.9,3,0.5,1,1,1	317.751603193
0.7,1,0.6,1,1,1	0
0.7,1,0.6,1,1,1	31.7067043926
0.7,1,0.6,1,1,1	63.9132874764
0.7,1,0.6,1,1,1	95.2673913008
0.7,1,0.6,1,1,1	125.375020188
0.7,1,0.6,1,1,1	157.019268309
0.7,1,0.6,1,1,1	190.05502453
0.7,1,0.6,1,1,1	222.616206499
0.7,1,0.6,1,1,1	256.401138878
0.7,1,0.6,1,1,1	289.013865339
0.7,1,0.6,1,1,1	319.962797948
0.7,1,0.6,1,1,1	319.962797948
0.8,1,0.6,1,1,1	0
0.8,1,0.6,1,1,1	31.9637097479
0.8,1,0.6,1,1,1	64.1054242404
0.8,1,0.6,1,1,1	95.3086817249
0.8,1,0.6,1,1,1	125.325560473
0.8,1,0.6,1,1,1	156.925409491
0.8,1,0.6,1,1,1	189.506537808
0.8,1,0.6,1,1,1	221.755329115
0.8,1,0.6,1,1,1	255.373269734
0.8,1,0.6,1,1,1	287.827725709
0.8,1,0.6,1,1,1	318.943628483
0.8,1,0.6,1,1,1	318.943628483
0.9,1,0.6,1,1,1	0
0.9,1,0.6,1,1,1	31.7883044251
0.9,1,0.6,1,1,1	63.9181326145
0.9,1,0.6,1,1,1	94.4139307882
0.9,1,0.6,1,1,1	124.3859771
0.9,1,0.6,1,1,1	155.549804026
0.9,1,0.6,1,1,1	187.18702762
0.9,1,0.6,1,1,1	219.351037904
0.9,1,0.6,1,1,1	252.89040027
0.9,1,0.6,1,1,1	285.62074236
0.9,1,0.6,1,1,1	316.757591707
0.9,1,0.6,1,1,1	316.757591707
0.7,2,0.6,1,1,1	0
0.7,2,0.6,1,1,1	31.7757572535
0.7,2,0.6,1,1,1	64.2634368743
0.7,2,0.6,1,1,1	95.4820169029
0.7,2,0.6,1,1,1	125.250754324
0.7,2,0.6,1,1,1	156.85203009
0.7,2,0.6,1,1,1	188.984574421
0.7,2,0.6,1,1,1	221.479415871
0.7,2,0.6,1,1,1	255.23050123
0.7,2,0.6,1,1,1	287.847643051
0.7,2,0.6,1,1,1	319.065141883
0.7,2,0.6,1,1,1	319.065141883
0.8,2,0.6,1,1,1	0
0.8,2,0.6,1,1,1	31.7731797329
0.8,2,0.6,1,1,1	64.1856039586
0.8,2,0.6,1,1,1	95.4704131052
0.8,2,0.6,1,1,1	125.252302183
0.8,2,0.6,1,1,1	156.895105026
0.8,2,0.6,1,1,1	189.132841625
0.8,2,0.6,1,1,1	221.400520807
0.8,2,0.6,1,1,1	255.141339217
0.8,2,0.6,1,1,1	287.617759497
0.8,2,0.6,1,1,1	318.919392109
0.8,2,0.6,1,1,1	318.919392109
0.9,2,0.6,1,1,1	0
0.9,2,0.6,1,1,1	32.0533150605
0.9,2,0.6,1,1,1	64.3553609615
0.9,2,0.6,1,1,1	94.6467883921
0.9,2,0.6,1,1,1	124.678140846
0.9,2,0.6,1,1,1	155.66555191
0.9,2,0.6,1,1,1	187.943220227
0.9,2,0.6,1,1,1	220.131963906
0.9,2,0.6,1,1,1	253.812155432
0.9,2,0.6,1,1,1	286.320011942
0.9,2,0.6,1,1,1	317.541594088
0.9,2,0.6,1,1,1	317.541594088
0.7,3,0.6,1,1,1	0
0.7,3,0.6,1,1,1	31.6922992543
0.7,3,0.6,1,1,1	64.1109121901
0.7,3,0.6,1,1,1	95.4062991893
0.7,3,0.6,1,1,1	125.106778363
0.7,3,0.6,1,1,1	156.799510529
0.7,3,0.6,1,1,1	190.204922667
0.7,3,0.6,1,1,1	222.680720715
0.7,3,0.6,1,1,1	256.429394096
0.7,3,0.6,1,1,1	289.128497649
0.7,3,0.6,1,1,1	320.761747123
0.7,3,0.6,1,1,1	320.761747123
0.8,3,0.6,1,1,1	0
0.8,3,0.6,1,1,1	31.7793082236
0.8,3,0.6,1,1,1	64.0673585359
0.8,3,0.6,1,1,1	95.5058018789
0.8,3,0.6,1,1,1	125.194767812
0.8,3,0.6,1,1,1	156.882941356
0.8,3,0.6,1,1,1	190.200378829
0.8,3,0.6,1,1,1	222.410589392
0.8,3,0.6,1,1,1	255.998554621
0.8,3,0.6,1,1,1	288.409396294
0.8,3,0.6,1,1,1	319.540215854
0.8,3,0.6,1,1,1	319.540215854
0.9,3,0.6,1,1,1	0
0.9,3,0.6,1,1,1	31.9330292179
0.9,3,0.6,1,1,1	64.232778515
0.9,3,0.6,1,1,1	94.6834783313
0.9,3,0.6,1,1,1	124.573832745
0.9,3,0.6,1,1,1	155.642645977
0.9,3,0.6,1,1,1	188.550724987
0.9,3,0.6,1,1,1	220.684206705
0.9,3,0.6,1,1,1	254.186298388
0.9,3,0.6,1,1,1	286.703491688
0.9,3,0.6,1,1,1	317.809154365
0.9,3,0.6,1,1,1	317.809154365
0.7,1,0.7,1,1,1	0
0.7,1,0.7,1,1,1	31.7067043926
0.7,1,0.7,1,1,1	63.918098432
0.7,1,0.7,1,1,1	95.2722022564
0.7,1,0.7,1,1,1	125.379831143
0.7,1,0.7,1,1,1	157.024079265
0.7,1,0.7,1,1,1	190.059835485
0.7,1,0.7,1,1,1	222.621017454
0.7,1,0.7,1,1,1	256.383549339
0.7,1,0.7,1,1,1	288.9962758
0.7,1,0.7,1,1,1	319.945208409
0.7,1,0.7,1,1,1	319.945208409
0.8,1,0.7,1,1,1	0
0.8,1,0.7,1,1,1	31.9637097479
0.8,1,0.7,1,1,1	64.112903945
0.8,1,0.7,1,1,1	95.3161614294
0.8,1,0.7,1,1,1	125.227971567
0.8,1,0.7,1,1,1	156.810226527
0.8,1,0.7,1,1,1	189.071972427
0.8,1,0.7,1,1,1	221.320763735
0.8,1,0.7,1,1,1	254.933965963
0.8,1,0.7,1,1,1	287.478313743
0.8,1,0.7,1,1,1	318.594216516
0.8,1,0.7,1,1,1	318.594216516
0.9,1,0.7,1,1,1	0
0.9,1,0.7,1,1,1	31.7883044251
0.9,1,0.7,1,1,1	63.8822887346
0.9,1,0.7,1,1,1	94.3780869084
0.9,1,0.7,1,1,1	124.35013322
0.9,1,0.7,1,1,1	155.513960146
0.9,1,0.7,1,1,1	187.303610566
0.9,1,0.7,1,1,1	219.467620851
0.9,1,0.7,1,1,1	253.006983217
0.9,1,0.7,1,1,1	285.647433503
0.9,1,0.7,1,1,1	316.78428285
0.9,1,0.7,1,1,1	316.78428285
0.7,2,0.7,1,1,1	0
0.7,2,0.7,1,1,1	31.7757572535
0.7,2,0.7,1,1,1	64.2634368743
0.7,2,0.7,1,1,1	95.4820169029
0.7,2,0.7,1,1,1	125.433354966
0.7,2,0.7,1,1,1	157.074353651
0.7,2,0.7,1,1,1	189.984419635
0.7,2,0.7,1,1,1	222.479261085
0.7,2,0.7,1,1,1	256.230346443
0.7,2,0.7,1,1,1	288.818615116
0.7,2,0.7,1,1,1	320.036113948
0.7,2,0.7,1,1,1	320.036113948
0.8,2,0.7,1,1,1	0
0.8,2,0.7,1,1,1	31.7731797329
0.8,2,0.7,1,1,1	64.1856039586
0.8,2,0.7,1,1,1	95.4557891105
0.8,2,0.7,1,1,1	125.237678189
0.8,2,0.7,1,1,1	156.880481031
0.8,2,0.7,1,1,1	188.999132321
0.8,2,0.7,1,1,1	221.266811503
0.8,2,0.7,1,1,1	254.979835416
0.8,2,0.7,1,1,1	287.372650065
0.8,2,0.7,1,1,1	318.667845846
0.8,2,0.7,1,1,1	318.667845846
0.9,2,0.7,1,1,1	0
0.9,2,0.7,1,1,1	32.0533150605
0.9,2,0.7,1,1,1	64.3948769357
0.9,2,0.7,1,1,1	94.6863043663
0.9,2,0.7,1,1,1	124.71765682
0.9,2,0.7,1,1,1	155.711731571
0.9,2,0.7,1,1,1	187.989399888
0.9,2,0.7,1,1,1	220.178143567
0.9,2,0.7,1,1,1	253.858335092
0.9,2,0.7,1,1,1	286.366191602
0.9,2,0.7,1,1,1	317.587773748
0.9,2,0.7,1,1,1	317.587773748
0.7,3,0.7,1,1,1	0
0.7,3,0.7,1,1,1	31.6922992543
0.7,3,0.7,1,1,1	64.0780005363
0.7,3,0.7,1,1,1	95.3439571602
0.7,3,0.7,1,1,1	125.044436334
0.7,3,0.7,1,1,1	156.747324703
0.7,3,0.7,1,1,1	190.152736841
0.7,3,0.7,1,1,1	222.671421556
0.7,3,0.7,1,1,1	256.18740561
0.7,3,0.7,1,1,1	288.886509163
0.7,3,0.7,1,1,1	320.540998289
0.7,3,0.7,1,1,1	320.540998289
0.8,3,0.7,1,1,1	0
0.8,3,0.7,1,1,1	31.7527075959
0.8,3,0.7,1,1,1	64.046881834
0.8,3,0.7,1,1,1	95.4853251771
0.8,3,0.7,1,1,1	125.420277695
0.8,3,0.7,1,1,1	157.108451239
0.8,3,0.7,1,1,1	190.438580089
0.8,3,0.7,1,1,1	222.648790653
0.8,3,0.7,1,1,1	256.236755882
0.8,3,0.7,1,1,1	288.64884899
0.8,3,0.7,1,1,1	319.800908203
0.8,3,0.7,1,1,1	319.800908203
0.9,3,0.7,1,1,1	0
0.9,3,0.7,1,1,1	31.8341452744
0.9,3,0.7,1,1,1	64.1338945715
0.9,3,0.7,1,1,1	94.5845943878
0.9,3,0.7,1,1,1	124.474948802
0.9,3,0.7,1,1,1	155.543762033
0.9,3,0.7,1,1,1	189.282839923
0.9,3,0.7,1,1,1	221.41632164
0.9,3,0.7,1,1,1	254.916104932
0.9,3,0.7,1,1,1	287.523190036
0.9,3,0.7,1,1,1	318.628852713
0.9,3,0.7,1,1,1	318.628852713
0.7,1,0.8,1,1,1	0
0.7,1,0.8,1,1,1	31.7067043926
0.7,1,0.8,1,1,1	63.918098432
0.7,1,0.8,1,1,1	95.2722022564
0.7,1,0.8,1,1,1	125.379831143
0.7,1,0.8,1,1,1	157.024079265
0.7,1,0.8,1,1,1	190.059835485
0.7,1,0.8,1,1,1	222.621017454
0.7,1,0.8,1,1,1	256.383549339
0.7,1,0.8,1,1,1	288.9962758
0.7,1,0.8,1,1,1	319.945208409
0.7,1,0.8,1,1,1	319.945208409
0.8,1,0.8,1,1,1	0
0.8,1,0.8,1,1,1	31.9637097479
0.8,1,0.8,1,1,1	64.112903945
0.8,1,0.8,1,1,1	95.3161614294
0.8,1,0.8,1,1,1	125.227971567
0.8,1,0.8,1,1,1	156.810226527
0.8,1,0.8,1,1,1	189.12044592
0.8,1,0.8,1,1,1	221.369237228
0.8,1,0.8,1,1,1	255.005263571
0.8,1,0.8,1,1,1	287.459719546
0.8,1,0.8,1,1,1	318.535769753
0.8,1,0.8,1,1,1	318.535769753
0.9,1,0.8,1,1,1	0
0.9,1,0.8,1,1,1	31.7883044251
0.9,1,0.8,1,1,1	63.8714493183
0.9,1,0.8,1,1,1	94.3672474921
0.9,1,0.8,1,1,1	124.341512799
0.9,1,0.8,1,1,1	155.505339725
0.9,1,0.8,1,1,1	187.11596354
0.9,1,0.8,1,1,1	219.279973825
0.9,1,0.8,1,1,1	252.819336191
0.9,1,0.8,1,1,1	285.459786477
0.9,1,0.8,1,1,1	316.596635824
0.9,1,0.8,1,1,1	316.596635824
0.7,2,0.8,1,1,1	0
0.7,2,0.8,1,1,1	31.7757572535
0.7,2,0.8,1,1,1	64.2634368743
0.7,2,0.8,1,1,1	95.4820169029
0.7,2,0.8,1,1,1	125.250754324
0.7,2,0.8,1,1,1	156.85203009
0.7,2,0.8,1,1,1	188.984574421
0.7,2,0.8,1,1,1	221.479415871
0.7,2,0.8,1,1,1	255.21225357
0.7,2,0.8,1,1,1	287.80337705
0.7,2,0.8,1,1,1	319.020875882
0.7,2,0.8,1,1,1	319.020875882
0.8,2,0.8,1,1,1	0
0.8,2,0.8,1,1,1	31.7776013329
0.8,2,0.8,1,1,1	64.1900255586
0.8,2,0.8,1,1,1	95.4748347052
0.8,2,0.8,1,1,1	125.272259634
0.8,2,0.8,1,1,1	156.915062476
0.8,2,0.8,1,1,1	189.134536768
0.8,2,0.8,1,1,1	221.40221595
0.8,2,0.8,1,1,1	255.14303436
0.8,2,0.8,1,1,1	287.708804909
0.8,2,0.8,1,1,1	319.025240343
0.8,2,0.8,1,1,1	319.025240343
0.9,2,0.8,1,1,1	0
0.9,2,0.8,1,1,1	32.0533150605
0.9,2,0.8,1,1,1	64.3553609615
0.9,2,0.8,1,1,1	94.6467883921
0.9,2,0.8,1,1,1	124.678140846
0.9,2,0.8,1,1,1	155.66555191
0.9,2,0.8,1,1,1	187.98531398
0.9,2,0.8,1,1,1	220.174057659
0.9,2,0.8,1,1,1	253.854249185
0.9,2,0.8,1,1,1	286.451455964
0.9,2,0.8,1,1,1	317.67303811
0.9,2,0.8,1,1,1	317.67303811
0.7,3,0.8,1,1,1	0
0.7,3,0.8,1,1,1	31.6922992543
0.7,3,0.8,1,1,1	64.0780005363
0.7,3,0.8,1,1,1	95.3423383521
0.7,3,0.8,1,1,1	125.042817525
0.7,3,0.8,1,1,1	156.735549691
0.7,3,0.8,1,1,1	190.140961829
0.7,3,0.8,1,1,1	222.616759878
0.7,3,0.8,1,1,1	256.365433259
0.7,3,0.8,1,1,1	288.980223147
0.7,3,0.8,1,1,1	320.61347262
0.7,3,0.8,1,1,1	320.61347262
0.8,3,0.8,1,1,1	0
0.8,3,0.8,1,1,1	31.7793082236
0.8,3,0.8,1,1,1	64.0673585359
0.8,3,0.8,1,1,1	95.5058018789
0.8,3,0.8,1,1,1	125.211545278
0.8,3,0.8,1,1,1	156.899718822
0.8,3,0.8,1,1,1	190.217156295
0.8,3,0.8,1,1,1	222.427366859
0.8,3,0.8,1,1,1	256.015778186
0.8,3,0.8,1,1,1	288.426619858
0.8,3,0.8,1,1,1	319.578679071
0.8,3,0.8,1,1,1	319.578679071
0.9,3,0.8,1,1,1	0
0.9,3,0.8,1,1,1	31.8973945241
0.9,3,0.8,1,1,1	64.1971438212
0.9,3,0.8,1,1,1	94.6478436375
0.9,3,0.8,1,1,1	124.538198051
0.9,3,0.8,1,1,1	155.617167487
0.9,3,0.8,1,1,1	189.379689934
0.9,3,0.8,1,1,1	221.513171651
0.9,3,0.8,1,1,1	254.999683165
0.9,3,0.8,1,1,1	287.60676827
0.9,3,0.8,1,1,1	318.733670599
0.9,3,0.8,1,1,1	318.733670599
0.7,1,0.2,2,1,1	0
0.7,1,0.2,2,1,1	32.6713172014
0.7,1,0.2,2,1,1	66.2221379207
0.7,1,0.2,2,1,1	98.7451738931
0.7,1,0.2,2,1,1	129.407723259
0.7,1,0.2,2,1,1	161.924829732
0.7,1,0.2,2,1,1	196.073386847
0.7,1,0.2,2,1,1	229.860153859
0.7,1,0.2,2,1,1	264.408781098
0.7,1,0.2,2,1,1	297.671717436
0.7,1,0.2,2,1,1	330.461210441
0.7,1,0.2,2,1,1	330.461210441
0.8,1,0.2,2,1,1	0
0.8,1,0.2,2,1,1	32.4348064239
0.8,1,0.2,2,1,1	65.8945763969
0.8,1,0.2,2,1,1	97.9582804554
0.8,1,0.2,2,1,1	128.453785174
0.8,1,0.2,2,1,1	160.769292768
0.8,1,0.2,2,1,1	195.199786903
0.8,1,0.2,2,1,1	228.955622292
0.8,1,0.2,2,1,1	263.819275042
0.8,1,0.2,2,1,1	296.96693489
0.8,1,0.2,2,1,1	329.767735811
0.8,1,0.2,2,1,1	329.767735811
0.9,1,0.2,2,1,1	0
0.9,1,0.2,2,1,1	32.9060890972
0.9,1,0.2,2,1,1	66.4499230734
0.9,1,0.2,2,1,1	98.7051058314
0.9,1,0.2,2,1,1	129.537625143
0.9,1,0.2,2,1,1	161.811124601
0.9,1,0.2,2,1,1	196.673867022
0.9,1,0.2,2,1,1	230.438760157
0.9,1,0.2,2,1,1	265.318760131
0.9,1,0.2,2,1,1	298.386079747
0.9,1,0.2,2,1,1	331.36832608
0.9,1,0.2,2,1,1	331.36832608
0.7,2,0.2,2,1,1	0
0.7,2,0.2,2,1,1	32.6958249538
0.7,2,0.2,2,1,1	66.1743494271
0.7,2,0.2,2,1,1	98.5721480391
0.7,2,0.2,2,1,1	129.180382505
0.7,2,0.2,2,1,1	161.787020221
0.7,2,0.2,2,1,1	196.286526606
0.7,2,0.2,2,1,1	229.981428063
0.7,2,0.2,2,1,1	264.722671353
0.7,2,0.2,2,1,1	298.102190998
0.7,2,0.2,2,1,1	330.963301305
0.7,2,0.2,2,1,1	330.963301305
0.8,2,0.2,2,1,1	0
0.8,2,0.2,2,1,1	32.728453851
0.8,2,0.2,2,1,1	66.201476565
0.8,2,0.2,2,1,1	98.5584606196
0.8,2,0.2,2,1,1	129.446139892
0.8,2,0.2,2,1,1	161.765093912
0.8,2,0.2,2,1,1	196.667957822
0.8,2,0.2,2,1,1	230.34743542
0.8,2,0.2,2,1,1	265.135932009
0.8,2,0.2,2,1,1	298.234793308
0.8,2,0.2,2,1,1	331.183035844
0.8,2,0.2,2,1,1	331.183035844
0.9,2,0.2,2,1,1	0
0.9,2,0.2,2,1,1	33.1189331399
0.9,2,0.2,2,1,1	66.6523833306
0.9,2,0.2,2,1,1	98.9899739158
0.9,2,0.2,2,1,1	129.900463938
0.9,2,0.2,2,1,1	162.305394084
0.9,2,0.2,2,1,1	197.426046875
0.9,2,0.2,2,1,1	231.107414034
0.9,2,0.2,2,1,1	266.110543675
0.9,2,0.2,2,1,1	299.227444322
0.9,2,0.2,2,1,1	332.354889079
0.9,2,0.2,2,1,1	332.354889079
0.7,3,0.2,2,1,1	0
0.7,3,0.2,2,1,1	32.4901099184
0.7,3,0.2,2,1,1	65.976315914
0.7,3,0.2,2,1,1	98.3581996771
0.7,3,0.2,2,1,1	129.13929303
0.7,3,0.2,2,1,1	161.71853784
0.7,3,0.2,2,1,1	195.808934174
0.7,3,0.2,2,1,1	229.505714079
0.7,3,0.2,2,1,1	264.049351585
0.7,3,0.2,2,1,1	297.349776182
0.7,3,0.2,2,1,1	330.219733214
0.7,3,0.2,2,1,1	330.219733214
0.8,3,0.2,2,1,1	0
0.8,3,0.2,2,1,1	32.8364936157
0.8,3,0.2,2,1,1	66.2494413935
0.8,3,0.2,2,1,1	98.6015035449
0.8,3,0.2,2,1,1	129.311208249
0.8,3,0.2,2,1,1	161.74265626
0.8,3,0.2,2,1,1	196.714696638
0.8,3,0.2,2,1,1	230.410167662
0.8,3,0.2,2,1,1	265.120052469
0.8,3,0.2,2,1,1	298.219295426
0.8,3,0.2,2,1,1	330.97791105
0.8,3,0.2,2,1,1	330.97791105
0.9,3,0.2,2,1,1	0
0.9,3,0.2,2,1,1	33.1804608228
0.9,3,0.2,2,1,1	66.578141526
0.9,3,0.2,2,1,1	98.6427388957
0.9,3,0.2,2,1,1	129.340795986
0.9,3,0.2,2,1,1	161.733507557
0.9,3,0.2,2,1,1	196.788869611
0.9,3,0.2,2,1,1	230.499240945
0.9,3,0.2,2,1,1	265.097948809
0.9,3,0.2,2,1,1	298.122283341
0.9,3,0.2,2,1,1	331.187129954
0.9,3,0.2,2,1,1	331.187129954
0.7,1,0.3,2,1,1	0
0.7,1,0.3,2,1,1	32.6713172014
0.7,1,0.3,2,1,1	66.2221379207
0.7,1,0.3,2,1,1	98.644432248
0.7,1,0.3,2,1,1	129.306981614
0.7,1,0.3,2,1,1	161.824088087
0.7,1,0.3,2,1,1	195.972645202
0.7,1,0.3,2,1,1	229.759412213
0.7,1,0.3,2,1,1	264.308039453
0.7,1,0.3,2,1,1	297.570975791
0.7,1,0.3,2,1,1	330.360468796
0.7,1,0.3,2,1,1	330.360468796
0.8,1,0.3,2,1,1	0
0.8,1,0.3,2,1,1	32.4348064239
0.8,1,0.3,2,1,1	65.8945763969
0.8,1,0.3,2,1,1	97.8575388102
0.8,1,0.3,2,1,1	128.353043529
0.8,1,0.3,2,1,1	160.641633642
0.8,1,0.3,2,1,1	195.08471077
0.8,1,0.3,2,1,1	228.840546159
0.8,1,0.3,2,1,1	263.704198909
0.8,1,0.3,2,1,1	296.851858757
0.8,1,0.3,2,1,1	329.681356946
0.8,1,0.3,2,1,1	329.681356946
0.9,1,0.3,2,1,1	0
0.9,1,0.3,2,1,1	32.9060890972
0.9,1,0.3,2,1,1	66.4659230462
0.9,1,0.3,2,1,1	98.7211058042
0.9,1,0.3,2,1,1	129.553625116
0.9,1,0.3,2,1,1	161.858137938
0.9,1,0.3,2,1,1	196.720880359
0.9,1,0.3,2,1,1	230.485773494
0.9,1,0.3,2,1,1	265.339606528
0.9,1,0.3,2,1,1	298.406926143
0.9,1,0.3,2,1,1	331.351677837
0.9,1,0.3,2,1,1	331.351677837
0.7,2,0.3,2,1,1	0
0.7,2,0.3,2,1,1	32.6958249538
0.7,2,0.3,2,1,1	66.1743494271
0.7,2,0.3,2,1,1	98.5721480391
0.7,2,0.3,2,1,1	129.180382505
0.7,2,0.3,2,1,1	161.787020221
0.7,2,0.3,2,1,1	196.265608703
0.7,2,0.3,2,1,1	229.960510161
0.7,2,0.3,2,1,1	264.70175345
0.7,2,0.3,2,1,1	298.081273095
0.7,2,0.3,2,1,1	330.942383402
0.7,2,0.3,2,1,1	330.942383402
0.8,2,0.3,2,1,1	0
0.8,2,0.3,2,1,1	32.728453851
0.8,2,0.3,2,1,1	66.201476565
0.8,2,0.3,2,1,1	98.5584606196
0.8,2,0.3,2,1,1	129.446139892
0.8,2,0.3,2,1,1	161.77037182
0.8,2,0.3,2,1,1	196.652317826
0.8,2,0.3,2,1,1	230.331795424
0.8,2,0.3,2,1,1	265.120292013
0.8,2,0.3,2,1,1	298.219153313
0.8,2,0.3,2,1,1	331.167395849
0.8,2,0.3,2,1,1	331.167395849
0.9,2,0.3,2,1,1	0
0.9,2,0.3,2,1,1	33.1025809383
0.9,2,0.3,2,1,1	66.636031129
0.9,2,0.3,2,1,1	98.9031447215
0.9,2,0.3,2,1,1	129.820851045
0.9,2,0.3,2,1,1	162.22578119
0.9,2,0.3,2,1,1	197.389159122
0.9,2,0.3,2,1,1	231.070526281
0.9,2,0.3,2,1,1	266.073655923
0.9,2,0.3,2,1,1	299.19055657
0.9,2,0.3,2,1,1	332.318001327
0.9,2,0.3,2,1,1	332.318001327
0.7,3,0.3,2,1,1	0
0.7,3,0.3,2,1,1	32.4901099184
0.7,3,0.3,2,1,1	66.0295573582
0.7,3,0.3,2,1,1	98.4773154704
0.7,3,0.3,2,1,1	129.258408823
0.7,3,0.3,2,1,1	161.856669069
0.7,3,0.3,2,1,1	195.947065404
0.7,3,0.3,2,1,1	229.643845309
0.7,3,0.3,2,1,1	264.074490839
0.7,3,0.3,2,1,1	297.374915436
0.7,3,0.3,2,1,1	330.244872468
0.7,3,0.3,2,1,1	330.244872468
0.7,1,0.3,2,1,1	0
0.7,1,0.3,2,1,1	32.6713172014
0.7,1,0.3,2,1,1	66.2221379207
0.7,1,0.3,2,1,1	98.644432248
0.7,1,0.3,2,1,1	129.306981614
0.7,1,0.3,2,1,1	161.824088087
0.7,1,0.3,2,1,1	195.972645202
0.7,1,0.3,2,1,1	229.759412213
0.7,1,0.3,2,1,1	264.308039453
0.7,1,0.3,2,1,1	297.570975791
0.7,1,0.3,2,1,1	330.360468796
0.7,1,0.3,2,1,1	330.360468796
0.8,1,0.3,2,1,1	0
0.8,1,0.3,2,1,1	32.4348064239
0.8,1,0.3,2,1,1	65.8945763969
0.8,1,0.3,2,1,1	97.8575388102
0.8,1,0.3,2,1,1	128.353043529
0.8,1,0.3,2,1,1	160.641633642
0.8,1,0.3,2,1,1	195.08471077
0.8,1,0.3,2,1,1	228.840546159
0.8,1,0.3,2,1,1	263.704198909
0.8,1,0.3,2,1,1	296.851858757
0.8,1,0.3,2,1,1	329.681356946
0.8,1,0.3,2,1,1	329.681356946
0.9,1,0.3,2,1,1	0
0.9,1,0.3,2,1,1	32.9060890972
0.9,1,0.3,2,1,1	66.4659230462
0.9,1,0.3,2,1,1	98.7211058042
0.9,1,0.3,2,1,1	129.553625116
0.9,1,0.3,2,1,1	161.858137938
0.9,1,0.3,2,1,1	196.720880359
0.9,1,0.3,2,1,1	230.485773494
0.9,1,0.3,2,1,1	265.339606528
0.9,1,0.3,2,1,1	298.406926143
0.9,1,0.3,2,1,1	331.351677837
0.9,1,0.3,2,1,1	331.351677837
0.7,2,0.3,2,1,1	0
0.7,2,0.3,2,1,1	32.6958249538
0.7,2,0.3,2,1,1	66.1743494271
0.7,2,0.3,2,1,1	98.5721480391
0.7,2,0.3,2,1,1	129.180382505
0.7,2,0.3,2,1,1	161.787020221
0.7,2,0.3,2,1,1	196.265608703
0.7,2,0.3,2,1,1	229.960510161
0.7,2,0.3,2,1,1	264.70175345
0.7,2,0.3,2,1,1	298.081273095
0.7,2,0.3,2,1,1	330.942383402
0.7,2,0.3,2,1,1	330.942383402
0.8,2,0.3,2,1,1	0
0.8,2,0.3,2,1,1	32.728453851
0.8,2,0.3,2,1,1	66.201476565
0.8,2,0.3,2,1,1	98.5584606196
0.8,2,0.3,2,1,1	129.446139892
0.8,2,0.3,2,1,1	161.77037182
0.8,2,0.3,2,1,1	196.652317826
0.8,2,0.3,2,1,1	230.331795424
0.8,2,0.3,2,1,1	265.120292013
0.8,2,0.3,2,1,1	298.219153313
0.8,2,0.3,2,1,1	331.167395849
0.8,2,0.3,2,1,1	331.167395849
0.9,2,0.3,2,1,1	0
0.9,2,0.3,2,1,1	33.1025809383
0.9,2,0.3,2,1,1	66.636031129
0.9,2,0.3,2,1,1	98.9031447215
0.9,2,0.3,2,1,1	129.820851045
0.9,2,0.3,2,1,1	162.22578119
0.9,2,0.3,2,1,1	197.389159122
0.9,2,0.3,2,1,1	231.070526281
0.9,2,0.3,2,1,1	266.073655923
0.9,2,0.3,2,1,1	299.19055657
0.9,2,0.3,2,1,1	332.318001327
0.9,2,0.3,2,1,1	332.318001327
0.7,3,0.3,2,1,1	0
0.7,3,0.3,2,1,1	32.4901099184
0.7,3,0.3,2,1,1	66.0295573582
0.7,3,0.3,2,1,1	98.4773154704
0.7,3,0.3,2,1,1	129.258408823
0.7,3,0.3,2,1,1	161.856669069
0.7,3,0.3,2,1,1	195.947065404
0.7,3,0.3,2,1,1	229.643845309
0.7,3,0.3,2,1,1	264.074490839
0.7,3,0.3,2,1,1	297.374915436
0.7,3,0.3,2,1,1	330.244872468
0.7,3,0.3,2,1,1	330.244872468
0.8,3,0.3,2,1,1	0
0.8,3,0.3,2,1,1	32.8364936157
0.8,3,0.3,2,1,1	66.2494413935
0.8,3,0.3,2,1,1	98.1418907339
0.8,3,0.3,2,1,1	128.851595438
0.8,3,0.3,2,1,1	161.265317421
0.8,3,0.3,2,1,1	196.252141882
0.8,3,0.3,2,1,1	229.947612906
0.8,3,0.3,2,1,1	264.741604495
0.8,3,0.3,2,1,1	297.840847453
0.8,3,0.3,2,1,1	330.599463076
0.8,3,0.3,2,1,1	330.599463076
0.9,3,0.3,2,1,1	0
0.9,3,0.3,2,1,1	32.9014075216
0.9,3,0.3,2,1,1	66.2990882248
0.9,3,0.3,2,1,1	98.3636855945
0.9,3,0.3,2,1,1	129.061742685
0.9,3,0.3,2,1,1	161.465522977
0.9,3,0.3,2,1,1	196.553256986
0.9,3,0.3,2,1,1	230.263628319
0.9,3,0.3,2,1,1	264.946442966
0.9,3,0.3,2,1,1	297.970777498
0.9,3,0.3,2,1,1	331.035624112
0.9,3,0.3,2,1,1	331.035624112
0.7,1,0.4,2,1,1	0
0.7,1,0.4,2,1,1	32.6713172014
0.7,1,0.4,2,1,1	66.2221379207
0.7,1,0.4,2,1,1	98.644432248
0.7,1,0.4,2,1,1	129.306981614
0.7,1,0.4,2,1,1	161.824088087
0.7,1,0.4,2,1,1	196.151671807
0.7,1,0.4,2,1,1	229.938438819
0.7,1,0.4,2,1,1	264.487081545
0.7,1,0.4,2,1,1	297.750017882
0.7,1,0.4,2,1,1	330.539510888
0.7,1,0.4,2,1,1	330.539510888
0.8,1,0.4,2,1,1	0
0.8,1,0.4,2,1,1	32.4348064239
0.8,1,0.4,2,1,1	65.8945763969
0.8,1,0.4,2,1,1	97.8575388102
0.8,1,0.4,2,1,1	128.353043529
0.8,1,0.4,2,1,1	160.668551122
0.8,1,0.4,2,1,1	195.099045258
0.8,1,0.4,2,1,1	228.854880646
0.8,1,0.4,2,1,1	263.718533397
0.8,1,0.4,2,1,1	296.866193245
0.8,1,0.4,2,1,1	329.695691434
0.8,1,0.4,2,1,1	329.695691434
0.9,1,0.4,2,1,1	0
0.9,1,0.4,2,1,1	32.9060890972
0.9,1,0.4,2,1,1	66.4659230462
0.9,1,0.4,2,1,1	98.7211058042
0.9,1,0.4,2,1,1	129.553625116
0.9,1,0.4,2,1,1	161.827124574
0.9,1,0.4,2,1,1	196.689866994
0.9,1,0.4,2,1,1	230.45476013
0.9,1,0.4,2,1,1	265.334760104
0.9,1,0.4,2,1,1	298.402079719
0.9,1,0.4,2,1,1	331.384326053
0.9,1,0.4,2,1,1	331.384326053
0.7,2,0.4,2,1,1	0
0.7,2,0.4,2,1,1	32.6958249538
0.7,2,0.4,2,1,1	66.1743494271
0.7,2,0.4,2,1,1	98.5721480391
0.7,2,0.4,2,1,1	129.180382505
0.7,2,0.4,2,1,1	161.787020221
0.7,2,0.4,2,1,1	196.265608703
0.7,2,0.4,2,1,1	229.960510161
0.7,2,0.4,2,1,1	264.70175345
0.7,2,0.4,2,1,1	298.081273095
0.7,2,0.4,2,1,1	330.942383402
0.7,2,0.4,2,1,1	330.942383402
0.8,2,0.4,2,1,1	0
0.8,2,0.4,2,1,1	32.728453851
0.8,2,0.4,2,1,1	66.201476565
0.8,2,0.4,2,1,1	98.5584606196
0.8,2,0.4,2,1,1	129.446139892
0.8,2,0.4,2,1,1	161.765093912
0.8,2,0.4,2,1,1	196.647039919
0.8,2,0.4,2,1,1	230.326517517
0.8,2,0.4,2,1,1	265.115014106
0.8,2,0.4,2,1,1	298.213875405
0.8,2,0.4,2,1,1	331.162117941
0.8,2,0.4,2,1,1	331.162117941
0.9,2,0.4,2,1,1	0
0.9,2,0.4,2,1,1	33.1189331399
0.9,2,0.4,2,1,1	66.6414811762
0.9,2,0.4,2,1,1	98.9790717614
0.9,2,0.4,2,1,1	129.896778085
0.9,2,0.4,2,1,1	162.30170823
0.9,2,0.4,2,1,1	197.422361022
0.9,2,0.4,2,1,1	231.10372818
0.9,2,0.4,2,1,1	266.106857822
0.9,2,0.4,2,1,1	299.223758469
0.9,2,0.4,2,1,1	332.351203226
0.9,2,0.4,2,1,1	332.351203226
0.7,3,0.4,2,1,1	0
0.7,3,0.4,2,1,1	32.4901099184
0.7,3,0.4,2,1,1	66.0295573582
0.7,3,0.4,2,1,1	98.4114411213
0.7,3,0.4,2,1,1	129.184129245
0.7,3,0.4,2,1,1	161.763374054
0.7,3,0.4,2,1,1	195.853770388
0.7,3,0.4,2,1,1	229.550550293
0.7,3,0.4,2,1,1	263.981195824
0.7,3,0.4,2,1,1	297.281620421
0.7,3,0.4,2,1,1	330.151577452
0.7,3,0.4,2,1,1	330.151577452
0.8,3,0.4,2,1,1	0
0.8,3,0.4,2,1,1	32.8364936157
0.8,3,0.4,2,1,1	66.2494413935
0.8,3,0.4,2,1,1	98.6015035449
0.8,3,0.4,2,1,1	129.311208249
0.8,3,0.4,2,1,1	161.74265626
0.8,3,0.4,2,1,1	196.714696638
0.8,3,0.4,2,1,1	230.410167662
0.8,3,0.4,2,1,1	265.120052469
0.8,3,0.4,2,1,1	298.219295426
0.8,3,0.4,2,1,1	330.97791105
0.8,3,0.4,2,1,1	330.97791105
0.9,3,0.4,2,1,1	0
0.9,3,0.4,2,1,1	32.904613355
0.9,3,0.4,2,1,1	66.3022940582
0.9,3,0.4,2,1,1	98.430944592
0.9,3,0.4,2,1,1	129.129001683
0.9,3,0.4,2,1,1	161.543806784
0.9,3,0.4,2,1,1	196.631540793
0.9,3,0.4,2,1,1	230.341912126
0.9,3,0.4,2,1,1	265.03451377
0.9,3,0.4,2,1,1	298.058848302
0.9,3,0.4,2,1,1	331.123694916
0.9,3,0.4,2,1,1	331.123694916
0.7,1,0.5,2,1,1	0
0.7,1,0.5,2,1,1	32.6713172014
0.7,1,0.5,2,1,1	66.2221379207
0.7,1,0.5,2,1,1	98.7451738931
0.7,1,0.5,2,1,1	129.407723259
0.7,1,0.5,2,1,1	161.924829732
0.7,1,0.5,2,1,1	196.252413453
0.7,1,0.5,2,1,1	230.039180464
0.7,1,0.5,2,1,1	264.587807703
0.7,1,0.5,2,1,1	297.850744041
0.7,1,0.5,2,1,1	330.640237046
0.7,1,0.5,2,1,1	330.640237046
0.8,1,0.5,2,1,1	0
0.8,1,0.5,2,1,1	32.4348064239
0.8,1,0.5,2,1,1	65.8945763969
0.8,1,0.5,2,1,1	97.8575388102
0.8,1,0.5,2,1,1	128.353043529
0.8,1,0.5,2,1,1	160.641633642
0.8,1,0.5,2,1,1	195.08471077
0.8,1,0.5,2,1,1	228.840546159
0.8,1,0.5,2,1,1	263.704198909
0.8,1,0.5,2,1,1	296.851858757
0.8,1,0.5,2,1,1	329.643862306
0.8,1,0.5,2,1,1	329.643862306
0.9,1,0.5,2,1,1	0
0.9,1,0.5,2,1,1	32.9073250228
0.9,1,0.5,2,1,1	66.451158999
0.9,1,0.5,2,1,1	98.706341757
0.9,1,0.5,2,1,1	129.538861069
0.9,1,0.5,2,1,1	161.812360527
0.9,1,0.5,2,1,1	196.530570159
0.9,1,0.5,2,1,1	230.295463295
0.9,1,0.5,2,1,1	265.175463269
0.9,1,0.5,2,1,1	298.242782884
0.9,1,0.5,2,1,1	331.225029217
0.9,1,0.5,2,1,1	331.225029217
0.7,2,0.5,2,1,1	0
0.7,2,0.5,2,1,1	32.6958249538
0.7,2,0.5,2,1,1	66.1743494271
0.7,2,0.5,2,1,1	98.5721480391
0.7,2,0.5,2,1,1	129.180382505
0.7,2,0.5,2,1,1	161.787020221
0.7,2,0.5,2,1,1	196.193351401
0.7,2,0.5,2,1,1	229.888252858
0.7,2,0.5,2,1,1	264.629496148
0.7,2,0.5,2,1,1	298.009015792
0.7,2,0.5,2,1,1	330.8701261
0.7,2,0.5,2,1,1	330.8701261
0.8,2,0.5,2,1,1	0
0.8,2,0.5,2,1,1	32.728453851
0.8,2,0.5,2,1,1	66.1976100906
0.8,2,0.5,2,1,1	98.5545941452
0.8,2,0.5,2,1,1	129.442273418
0.8,2,0.5,2,1,1	161.766505345
0.8,2,0.5,2,1,1	196.57619405
0.8,2,0.5,2,1,1	230.255671648
0.8,2,0.5,2,1,1	265.016789723
0.8,2,0.5,2,1,1	298.115651022
0.8,2,0.5,2,1,1	331.05520571
0.8,2,0.5,2,1,1	331.05520571
0.9,2,0.5,2,1,1	0
0.9,2,0.5,2,1,1	33.1189331399
0.9,2,0.5,2,1,1	66.6414811762
0.9,2,0.5,2,1,1	99.0113433781
0.9,2,0.5,2,1,1	129.929049701
0.9,2,0.5,2,1,1	162.297481837
0.9,2,0.5,2,1,1	197.418134628
0.9,2,0.5,2,1,1	231.099501787
0.9,2,0.5,2,1,1	266.108014076
0.9,2,0.5,2,1,1	299.249345295
0.9,2,0.5,2,1,1	332.398321121
0.9,2,0.5,2,1,1	332.398321121
0.7,3,0.5,2,1,1	0
0.7,3,0.5,2,1,1	32.4901099184
0.7,3,0.5,2,1,1	65.9864486877
0.7,3,0.5,2,1,1	98.3649087064
0.7,3,0.5,2,1,1	129.13759683
0.7,3,0.5,2,1,1	161.716841639
0.7,3,0.5,2,1,1	195.807237974
0.7,3,0.5,2,1,1	229.504017878
0.7,3,0.5,2,1,1	264.055414883
0.7,3,0.5,2,1,1	297.355839481
0.7,3,0.5,2,1,1	330.225796512
0.7,3,0.5,2,1,1	330.225796512
0.8,3,0.5,2,1,1	0
0.8,3,0.5,2,1,1	32.8364936157
0.8,3,0.5,2,1,1	66.2988163633
0.8,3,0.5,2,1,1	98.6543022592
0.8,3,0.5,2,1,1	129.364006963
0.8,3,0.5,2,1,1	161.817548505
0.8,3,0.5,2,1,1	196.789588883
0.8,3,0.5,2,1,1	230.485059907
0.8,3,0.5,2,1,1	265.229561422
0.8,3,0.5,2,1,1	298.328804379
0.8,3,0.5,2,1,1	331.087420002
0.8,3,0.5,2,1,1	331.087420002
0.9,3,0.5,2,1,1	0
0.9,3,0.5,2,1,1	32.9014075216
0.9,3,0.5,2,1,1	66.2990882248
0.9,3,0.5,2,1,1	98.6230968126
0.9,3,0.5,2,1,1	129.321153903
0.9,3,0.5,2,1,1	161.716943568
0.9,3,0.5,2,1,1	196.799593143
0.9,3,0.5,2,1,1	230.509964477
0.9,3,0.5,2,1,1	265.192779123
0.9,3,0.5,2,1,1	298.217113655
0.9,3,0.5,2,1,1	331.281960269
0.9,3,0.5,2,1,1	331.281960269
0.7,1,0.6,2,1,1	0
0.7,1,0.6,2,1,1	32.6713172014
0.7,1,0.6,2,1,1	66.2139672533
0.7,1,0.6,2,1,1	98.7370032257
0.7,1,0.6,2,1,1	129.399552592
0.7,1,0.6,2,1,1	161.916659065
0.7,1,0.6,2,1,1	196.248007624
0.7,1,0.6,2,1,1	230.034774635
0.7,1,0.6,2,1,1	264.583401874
0.7,1,0.6,2,1,1	297.846338212
0.7,1,0.6,2,1,1	330.635831217
0.7,1,0.6,2,1,1	330.635831217
0.8,1,0.6,2,1,1	0
0.8,1,0.6,2,1,1	32.4348064239
0.8,1,0.6,2,1,1	65.9131088631
0.8,1,0.6,2,1,1	98.2694908148
0.8,1,0.6,2,1,1	128.764995533
0.8,1,0.6,2,1,1	161.080503127
0.8,1,0.6,2,1,1	195.523580255
0.8,1,0.6,2,1,1	229.292713662
0.8,1,0.6,2,1,1	264.156366412
0.8,1,0.6,2,1,1	297.30402626
0.8,1,0.6,2,1,1	330.096029809
0.8,1,0.6,2,1,1	330.096029809
0.9,1,0.6,2,1,1	0
0.9,1,0.6,2,1,1	32.9073250228
0.9,1,0.6,2,1,1	66.451158999
0.9,1,0.6,2,1,1	98.706341757
0.9,1,0.6,2,1,1	129.538861069
0.9,1,0.6,2,1,1	161.843373891
0.9,1,0.6,2,1,1	196.561583523
0.9,1,0.6,2,1,1	230.326476659
0.9,1,0.6,2,1,1	265.206476633
0.9,1,0.6,2,1,1	298.273796248
0.9,1,0.6,2,1,1	331.218547942
0.9,1,0.6,2,1,1	331.218547942
0.7,2,0.6,2,1,1	0
0.7,2,0.6,2,1,1	32.6958249538
0.7,2,0.6,2,1,1	66.1743494271
0.7,2,0.6,2,1,1	98.5721480391
0.7,2,0.6,2,1,1	129.21461267
0.7,2,0.6,2,1,1	161.844308732
0.7,2,0.6,2,1,1	196.253116286
0.7,2,0.6,2,1,1	229.948017744
0.7,2,0.6,2,1,1	264.689261033
0.7,2,0.6,2,1,1	298.067529243
0.7,2,0.6,2,1,1	330.92863955
0.7,2,0.6,2,1,1	330.92863955
0.8,2,0.6,2,1,1	0
0.8,2,0.6,2,1,1	32.728453851
0.8,2,0.6,2,1,1	66.1976100906
0.8,2,0.6,2,1,1	98.5545941452
0.8,2,0.6,2,1,1	129.476503584
0.8,2,0.6,2,1,1	161.800735511
0.8,2,0.6,2,1,1	196.631342118
0.8,2,0.6,2,1,1	230.310819716
0.8,2,0.6,2,1,1	265.088169017
0.8,2,0.6,2,1,1	298.187030317
0.8,2,0.6,2,1,1	331.135272853
0.8,2,0.6,2,1,1	331.135272853
0.9,2,0.6,2,1,1	0
0.9,2,0.6,2,1,1	33.1189331399
0.9,2,0.6,2,1,1	66.6414811762
0.9,2,0.6,2,1,1	98.9790717614
0.9,2,0.6,2,1,1	129.896778085
0.9,2,0.6,2,1,1	162.30170823
0.9,2,0.6,2,1,1	197.422361022
0.9,2,0.6,2,1,1	231.10372818
0.9,2,0.6,2,1,1	266.106857822
0.9,2,0.6,2,1,1	299.223758469
0.9,2,0.6,2,1,1	332.351203226
0.9,2,0.6,2,1,1	332.351203226
0.7,3,0.6,2,1,1	0
0.7,3,0.6,2,1,1	32.4901099184
0.7,3,0.6,2,1,1	66.0295573582
0.7,3,0.6,2,1,1	98.4114411213
0.7,3,0.6,2,1,1	129.192534474
0.7,3,0.6,2,1,1	161.795313056
0.7,3,0.6,2,1,1	195.88570939
0.7,3,0.6,2,1,1	229.582489295
0.7,3,0.6,2,1,1	264.1338863
0.7,3,0.6,2,1,1	297.434310898
0.7,3,0.6,2,1,1	330.304267929
0.7,3,0.6,2,1,1	330.304267929
0.8,3,0.6,2,1,1	0
0.8,3,0.6,2,1,1	32.8364936157
0.8,3,0.6,2,1,1	66.2988163633
0.8,3,0.6,2,1,1	98.361624366
0.8,3,0.6,2,1,1	129.07132907
0.8,3,0.6,2,1,1	161.524870612
0.8,3,0.6,2,1,1	196.49691099
0.8,3,0.6,2,1,1	230.192382014
0.8,3,0.6,2,1,1	264.936883528
0.8,3,0.6,2,1,1	298.073708252
0.8,3,0.6,2,1,1	330.832323876
0.8,3,0.6,2,1,1	330.832323876
0.9,3,0.6,2,1,1	0
0.9,3,0.6,2,1,1	33.1804608228
0.9,3,0.6,2,1,1	66.578141526
0.9,3,0.6,2,1,1	98.9087891686
0.9,3,0.6,2,1,1	129.606846259
0.9,3,0.6,2,1,1	162.010626551
0.9,3,0.6,2,1,1	197.09836056
0.9,3,0.6,2,1,1	230.808731894
0.9,3,0.6,2,1,1	265.49154654
0.9,3,0.6,2,1,1	298.515881072
0.9,3,0.6,2,1,1	331.580727686
0.9,3,0.6,2,1,1	331.580727686
0.7,1,0.7,2,1,1	0
0.7,1,0.7,2,1,1	32.6713172014
0.7,1,0.7,2,1,1	66.2221379207
0.7,1,0.7,2,1,1	98.644432248
0.7,1,0.7,2,1,1	129.306981614
0.7,1,0.7,2,1,1	161.824088087
0.7,1,0.7,2,1,1	196.151671807
0.7,1,0.7,2,1,1	229.938438819
0.7,1,0.7,2,1,1	264.487081545
0.7,1,0.7,2,1,1	297.750017882
0.7,1,0.7,2,1,1	330.539510888
0.7,1,0.7,2,1,1	330.539510888
0.8,1,0.7,2,1,1	0
0.8,1,0.7,2,1,1	32.4348064239
0.8,1,0.7,2,1,1	65.8945763969
0.8,1,0.7,2,1,1	97.8575388102
0.8,1,0.7,2,1,1	128.353043529
0.8,1,0.7,2,1,1	160.668551122
0.8,1,0.7,2,1,1	195.099045258
0.8,1,0.7,2,1,1	228.854880646
0.8,1,0.7,2,1,1	263.718533397
0.8,1,0.7,2,1,1	296.866193245
0.8,1,0.7,2,1,1	329.695691434
0.8,1,0.7,2,1,1	329.695691434
0.9,1,0.7,2,1,1	0
0.9,1,0.7,2,1,1	32.9060890972
0.9,1,0.7,2,1,1	66.4499230734
0.9,1,0.7,2,1,1	98.7051058314
0.9,1,0.7,2,1,1	129.537625143
0.9,1,0.7,2,1,1	161.811124601
0.9,1,0.7,2,1,1	196.673867022
0.9,1,0.7,2,1,1	230.438760157
0.9,1,0.7,2,1,1	265.318760131
0.9,1,0.7,2,1,1	298.386079747
0.9,1,0.7,2,1,1	331.36832608
0.9,1,0.7,2,1,1	331.36832608
0.7,2,0.7,2,1,1	0
0.7,2,0.7,2,1,1	32.6958249538
0.7,2,0.7,2,1,1	66.1743494271
0.7,2,0.7,2,1,1	98.5721480391
0.7,2,0.7,2,1,1	129.180382505
0.7,2,0.7,2,1,1	161.787020221
0.7,2,0.7,2,1,1	196.265608703
0.7,2,0.7,2,1,1	229.960510161
0.7,2,0.7,2,1,1	264.70175345
0.7,2,0.7,2,1,1	298.080021659
0.7,2,0.7,2,1,1	330.941131967
0.7,2,0.7,2,1,1	330.941131967
0.8,2,0.7,2,1,1	0
0.8,2,0.7,2,1,1	32.7302892324
0.8,2,0.7,2,1,1	66.199445472
0.8,2,0.7,2,1,1	98.5564295266
0.8,2,0.7,2,1,1	129.478338965
0.8,2,0.7,2,1,1	161.802570892
0.8,2,0.7,2,1,1	196.633177499
0.8,2,0.7,2,1,1	230.312655098
0.8,2,0.7,2,1,1	265.101151686
0.8,2,0.7,2,1,1	298.198761551
0.8,2,0.7,2,1,1	331.142718932
0.8,2,0.7,2,1,1	331.142718932
0.9,2,0.7,2,1,1	0
0.9,2,0.7,2,1,1	33.1025809383
0.9,2,0.7,2,1,1	66.628118641
0.9,2,0.7,2,1,1	98.9979808429
0.9,2,0.7,2,1,1	129.915687166
0.9,2,0.7,2,1,1	162.284119302
0.9,2,0.7,2,1,1	197.447497234
0.9,2,0.7,2,1,1	231.128864393
0.9,2,0.7,2,1,1	266.137376681
0.9,2,0.7,2,1,1	299.289514398
0.9,2,0.7,2,1,1	332.412674
0.9,2,0.7,2,1,1	332.412674
0.7,3,0.7,2,1,1	0
0.7,3,0.7,2,1,1	32.4901099184
0.7,3,0.7,2,1,1	65.976315914
0.7,3,0.7,2,1,1	98.3581996771
0.7,3,0.7,2,1,1	129.13929303
0.7,3,0.7,2,1,1	161.742071612
0.7,3,0.7,2,1,1	195.832467946
0.7,3,0.7,2,1,1	229.529247851
0.7,3,0.7,2,1,1	264.080644856
0.7,3,0.7,2,1,1	297.381069453
0.7,3,0.7,2,1,1	330.251026485
0.7,3,0.7,2,1,1	330.251026485
0.8,3,0.7,2,1,1	0
0.8,3,0.7,2,1,1	32.8364936157
0.8,3,0.7,2,1,1	66.2988163633
0.8,3,0.7,2,1,1	98.6543022592
0.8,3,0.7,2,1,1	129.364006963
0.8,3,0.7,2,1,1	161.777728947
0.8,3,0.7,2,1,1	196.764553407
0.8,3,0.7,2,1,1	230.460024431
0.8,3,0.7,2,1,1	265.169909238
0.8,3,0.7,2,1,1	298.269152195
0.8,3,0.7,2,1,1	331.027767819
0.8,3,0.7,2,1,1	331.027767819
