0.9,2,0.3,2,1,1	0
0.9,2,0.3,2,1,1	31.7791440397
0.9,2,0.3,2,1,1	64.4863992195
0.9,2,0.3,2,1,1	97.2046962268
0.9,2,0.3,2,1,1	130.530848559
0.9,2,0.3,2,1,1	164.743931632
0.9,2,0.3,2,1,1	199.217094644
0.9,2,0.3,2,1,1	232.699237139
0.9,2,0.3,2,1,1	266.773210349
0.9,2,0.3,2,1,1	301.080448925
0.9,2,0.3,2,1,1	335.690030222
0.9,2,0.3,2,1,1	335.690030222
0.9,2,0.7,2,1,1	0
0.9,2,0.7,2,1,1	31.7791440397
0.9,2,0.7,2,1,1	64.4687895472
0.9,2,0.7,2,1,1	97.1870865545
0.9,2,0.7,2,1,1	130.513238887
0.9,2,0.7,2,1,1	164.72632196
0.9,2,0.7,2,1,1	199.199484972
0.9,2,0.7,2,1,1	232.681627467
0.9,2,0.7,2,1,1	266.755600677
0.9,2,0.7,2,1,1	301.062839252
0.9,2,0.7,2,1,1	335.652864376
0.9,2,0.7,2,1,1	335.652864376
0.8,2,0.2,2,1,1	0
0.8,2,0.2,2,1,1	31.825370357
0.8,2,0.2,2,1,1	64.6110911168
0.8,2,0.2,2,1,1	97.3242297953
0.8,2,0.2,2,1,1	131.136229037
0.8,2,0.2,2,1,1	165.351299373
0.8,2,0.2,2,1,1	199.867676485
0.8,2,0.2,2,1,1	233.37654955
0.8,2,0.2,2,1,1	267.604244467
0.8,2,0.2,2,1,1	302.181008053
0.8,2,0.2,2,1,1	336.460627597
0.8,2,0.2,2,1,1	336.460627597
0.8,1,0.4,1,1,4	0
0.8,1,0.4,1,1,4	31.0677746322
0.8,1,0.4,1,1,4	61.4763650612
0.8,1,0.4,1,1,4	93.4244576144
0.8,1,0.4,1,1,4	125.628912404
0.8,1,0.4,1,1,4	159.282516145
0.8,1,0.4,1,1,4	192.863889994
0.8,1,0.4,1,1,4	225.747442027
0.8,1,0.4,1,1,4	257.944831674
0.8,1,0.4,1,1,4	291.420439043
0.8,1,0.4,1,1,4	323.600704075
0.8,1,0.4,1,1,4	323.600704075
0.7,2,0.4,2,1,1	0
0.7,2,0.4,2,1,1	31.9478276215
0.7,2,0.4,2,1,1	64.6771987202
0.7,2,0.4,2,1,1	97.5004474588
0.7,2,0.4,2,1,1	131.26408684
0.7,2,0.4,2,1,1	165.546808395
0.7,2,0.4,2,1,1	200.119121383
0.7,2,0.4,2,1,1	233.550152578
0.7,2,0.4,2,1,1	268.018626374
0.7,2,0.4,2,1,1	301.909063556
0.7,2,0.4,2,1,1	336.38465407
0.7,2,0.4,2,1,1	336.38465407
0.7,2,0.4,2,1,4	0
0.7,2,0.4,2,1,4	31.7092077127
0.7,2,0.4,2,1,4	62.8580849481
0.7,2,0.4,2,1,4	95.6159943214
0.7,2,0.4,2,1,4	129.023603501
0.7,2,0.4,2,1,4	163.816555473
0.7,2,0.4,2,1,4	197.897216639
0.7,2,0.4,2,1,4	231.220890813
0.7,2,0.4,2,1,4	265.763069038
0.7,2,0.4,2,1,4	299.777921438
0.7,2,0.4,2,1,4	334.747949049
0.7,2,0.4,2,1,4	334.747949049
0.6,2,0.4,2,1,1	0
0.6,2,0.4,2,1,1	31.8412948417
0.6,2,0.4,2,1,1	64.6380804173
0.6,2,0.4,2,1,1	97.201785937
0.6,2,0.4,2,1,1	130.900860932
0.6,2,0.4,2,1,1	165.081028865
0.6,2,0.4,2,1,1	199.680562105
0.6,2,0.4,2,1,1	233.121894402
0.6,2,0.4,2,1,1	267.385980032
0.6,2,0.4,2,1,1	301.349082217
0.6,2,0.4,2,1,1	335.891768405
0.6,2,0.4,2,1,1	335.891768405
0.6,2,0.4,2,1,4	0
0.6,2,0.4,2,1,4	31.8400861843
0.6,2,0.4,2,1,4	63.1649400277
0.6,2,0.4,2,1,4	95.7883704896
0.6,2,0.4,2,1,4	129.183928235
0.6,2,0.4,2,1,4	163.53635099
0.6,2,0.4,2,1,4	197.838927547
0.6,2,0.4,2,1,4	231.142194151
0.6,2,0.4,2,1,4	265.18343359
0.6,2,0.4,2,1,4	299.0521903
0.6,2,0.4,2,1,4	333.745279088
0.6,2,0.4,2,1,4	333.745279088
0.5,2,0.4,2,1,1	0
0.5,2,0.4,2,1,1	31.6859140873
0.5,2,0.4,2,1,1	64.5216865239
0.5,2,0.4,2,1,1	97.5681303656
0.5,2,0.4,2,1,1	131.056101511
0.5,2,0.4,2,1,1	165.333195366
0.5,2,0.4,2,1,1	199.952347232
0.5,2,0.4,2,1,1	233.506558302
0.5,2,0.4,2,1,1	267.216001254
0.5,2,0.4,2,1,1	301.478105438
0.5,2,0.4,2,1,1	335.62890565
0.5,2,0.4,2,1,1	335.62890565
0.5,2,0.4,2,1,4	0
0.5,2,0.4,2,1,4	31.6535083637
0.5,2,0.4,2,1,4	62.858976022
0.5,2,0.4,2,1,4	95.8049642079
0.5,2,0.4,2,1,4	129.182101553
0.5,2,0.4,2,1,4	163.758805813
0.5,2,0.4,2,1,4	197.726736058
0.5,2,0.4,2,1,4	231.332091872
0.5,2,0.4,2,1,4	265.417864551
0.5,2,0.4,2,1,4	299.040623371
0.5,2,0.4,2,1,4	333.749756242
0.5,2,0.4,2,1,4	333.749756242
0.8,1,0.8,2,1,4	0
0.8,1,0.8,2,1,4	31.6487724949
0.8,1,0.8,2,1,4	63.88185313
0.8,1,0.8,2,1,4	96.5423909617
0.8,1,0.8,2,1,4	130.126796111
0.8,1,0.8,2,1,4	164.689565654
0.8,1,0.8,2,1,4	198.808205675
0.8,1,0.8,2,1,4	232.311530662
0.8,1,0.8,2,1,4	266.703943139
0.8,1,0.8,2,1,4	300.991720103
0.8,1,0.8,2,1,4	335.216926049
0.8,1,0.8,2,1,4	335.216926049
0.7,1,0.8,2,1,4	0
0.7,1,0.8,2,1,4	31.9940809055
0.7,1,0.8,2,1,4	63.8377873794
0.7,1,0.8,2,1,4	96.6465540038
0.7,1,0.8,2,1,4	129.974414856
0.7,1,0.8,2,1,4	164.662661788
0.7,1,0.8,2,1,4	198.953426529
0.7,1,0.8,2,1,4	232.428161593
0.7,1,0.8,2,1,4	267.096639714
0.7,1,0.8,2,1,4	300.752139517
0.7,1,0.8,2,1,4	335.226028422
0.7,1,0.8,2,1,4	335.226028422
0.8,1,0.8,2,1,4	0
0.8,1,0.8,2,1,4	31.6487724949
0.8,1,0.8,2,1,4	63.88185313
0.8,1,0.8,2,1,4	96.5423909617
0.8,1,0.8,2,1,4	130.242601469
0.8,1,0.8,2,1,4	164.805371011
0.8,1,0.8,2,1,4	198.840849974
0.8,1,0.8,2,1,4	232.344174961
0.8,1,0.8,2,1,4	266.732453031
0.8,1,0.8,2,1,4	301.020229994
0.8,1,0.8,2,1,4	335.245435941
0.8,1,0.8,2,1,4	335.245435941
0.7,1,0.8,2,1,4	0
0.7,1,0.8,2,1,4	31.9940809055
0.7,1,0.8,2,1,4	63.8377873794
0.7,1,0.8,2,1,4	96.6465540038
0.7,1,0.8,2,1,4	129.974414856
0.7,1,0.8,2,1,4	164.662661788
0.7,1,0.8,2,1,4	198.804037903
0.7,1,0.8,2,1,4	232.278772967
0.7,1,0.8,2,1,4	266.947251088
0.7,1,0.8,2,1,4	300.602750892
0.7,1,0.8,2,1,4	335.076639796
0.7,1,0.8,2,1,4	335.076639796
0.6,1,0.8,2,1,4	0
0.6,1,0.8,2,1,4	31.6100290074
0.6,1,0.8,2,1,4	63.8569970743
0.6,1,0.8,2,1,4	96.2617803496
0.6,1,0.8,2,1,4	129.647647654
0.6,1,0.8,2,1,4	163.916868838
0.6,1,0.8,2,1,4	198.120657926
0.6,1,0.8,2,1,4	231.535957413
0.6,1,0.8,2,1,4	265.668613379
0.6,1,0.8,2,1,4	299.180645026
0.6,1,0.8,2,1,4	333.72034037
0.6,1,0.8,2,1,4	333.72034037
0.5,1,0.8,2,1,4	0
0.5,1,0.8,2,1,4	31.6762182586
0.5,1,0.8,2,1,4	63.8352742995
0.5,1,0.8,2,1,4	96.7596039837
0.5,1,0.8,2,1,4	130.294928337
0.5,1,0.8,2,1,4	164.777042446
0.5,1,0.8,2,1,4	198.792552891
0.5,1,0.8,2,1,4	232.482559382
0.5,1,0.8,2,1,4	266.222092698
0.5,1,0.8,2,1,4	299.822255451
0.5,1,0.8,2,1,4	334.395159341
0.5,1,0.8,2,1,4	334.395159341
0.9,1,0.2,2,1,1	0
0.9,1,0.2,2,1,1	31.9341210233
0.9,1,0.2,2,1,1	64.5140277184
0.9,1,0.2,2,1,1	97.321994765
0.9,1,0.2,2,1,1	131.115406554
0.9,1,0.2,2,1,1	165.265766726
0.9,1,0.2,2,1,1	199.711419227
0.9,1,0.2,2,1,1	233.326444936
0.9,1,0.2,2,1,1	267.327151948
0.9,1,0.2,2,1,1	301.586911805
0.9,1,0.2,2,1,1	336.279357091
0.9,1,0.2,2,1,1	336.279357091
0.8,1,0.4,2,1,4	0
0.8,1,0.4,2,1,4	31.6487724949
0.8,1,0.4,2,1,4	63.88185313
0.8,1,0.4,2,1,4	96.5423909617
0.8,1,0.4,2,1,4	130.186374882
0.8,1,0.4,2,1,4	164.749144424
0.8,1,0.4,2,1,4	198.867784445
0.8,1,0.4,2,1,4	232.371109433
0.8,1,0.4,2,1,4	266.76352191
0.8,1,0.4,2,1,4	301.051298873
0.8,1,0.4,2,1,4	335.27650482
0.8,1,0.4,2,1,4	335.27650482
0.9,2,0.3,2,1,1	0
0.9,2,0.3,2,1,1	31.7791440397
0.9,2,0.3,2,1,1	64.4687895472
0.9,2,0.3,2,1,1	97.1870865545
0.9,2,0.3,2,1,1	130.513238887
0.9,2,0.3,2,1,1	164.72632196
0.9,2,0.3,2,1,1	199.199484972
0.9,2,0.3,2,1,1	232.682949131
0.9,2,0.3,2,1,1	266.756922341
0.9,2,0.3,2,1,1	301.064160917
0.9,2,0.3,2,1,1	335.654186041
0.9,2,0.3,2,1,1	335.654186041
